37 57 175
37 58 176
37 60 178
37 61 179
37 62 181
37 64 182
37 65 184
37 67 185
37 68 187
38 69 188
38 71 190
38 72 191
38 73 193
38 75 194
38 76 196
38 78 197
38 79 199
38 80 200
38 82 202
38 83 203
38 84 205
38 86 206
38 87 208
38 88 209
38 90 211
38 91 212
39 93 214
39 94 215
39 95 217
39 97 218
39 98 220
39 99 221
39 101 222
39 102 224
39 103 225
39 105 227
39 106 228
39 108 230
39 109 231
39 110 233
39 112 234
39 113 236
39 114 237
40 116 239
40 117 240
40 119 242
40 120 243
40 121 245
40 123 246
40 124 248
40 125 249
40 127 251
40 128 251
40 129 251
41 130 251
41 132 251
41 133 251
41 134 251
41 135 252
42 137 252
42 138 252
42 139 252
42 140 252
42 142 252
42 143 252
43 144 252
43 145 252
43 146 252
43 148 252
43 149 252
44 150 252
44 151 253
44 153 253
44 154 253
44 155 253
45 156 253
45 158 253
45 159 253
45 160 253
45 161 253
46 162 253
46 164 253
46 165 253
46 166 253
46 167 254
47 169 254
47 170 254
47 171 254
47 172 254
47 174 254
48 175 254
48 176 254
48 177 254
48 178 254
48 180 254
49 181 254
49 182 254
49 183 255
49 185 255
49 186 255
50 187 255
50 188 255
50 190 255
51 191 255
52 191 255
53 192 255
54 193 255
55 194 255
56 195 255
57 196 255
58 197 255
59 198 255
60 198 255
62 199 255
63 200 255
64 201 255
65 202 255
66 203 255
67 204 255
68 205 255
69 205 255
70 206 255
71 207 255
73 208 255
74 209 255
75 210 255
76 211 255
77 212 255
78 212 255
79 213 255
80 214 255
81 215 255
82 216 255
83 217 255
85 218 255
86 219 255
87 220 255
88 220 255
89 221 255
90 222 255
91 223 255
92 224 255
93 225 255
94 226 255
95 227 255
97 227 255
98 228 255
99 229 255
100 230 255
101 231 255
102 232 255
103 233 255
104 234 255
105 234 255
106 235 254
107 235 253
107 235 251
108 235 250
109 235 248
109 235 246
110 235 245
111 235 243
111 235 242
112 235 240
112 235 239
113 235 237
114 235 235
114 235 234
115 235 232
116 235 231
116 235 229
117 235 227
117 235 226
118 235 224
119 235 223
119 235 221
120 235 220
121 235 218
121 235 216
122 235 215
122 236 213
123 236 212
124 236 210
124 236 208
125 236 207
126 236 205
126 236 204
127 236 202
127 236 201
128 236 199
129 236 197
129 236 196
130 236 194
131 236 193
131 236 191
132 236 190
132 236 188
133 236 186
134 236 185
134 236 183
135 236 182
136 236 180
136 236 178
137 236 177
138 236 175
138 236 174
140 236 174
141 237 173
142 237 173
143 238 173
145 238 173
146 238 173
147 239 172
149 239 172
150 239 172
151 240 172
153 240 171
154 241 171
155 241 171
157 241 171
158 242 170
159 242 170
161 242 170
162 243 170
163 243 170
164 243 169
166 244 169
167 244 169
168 245 169
170 245 168
171 245 168
172 246 168
174 246 168
175 246 167
176 247 167
178 247 167
179 248 167
180 248 166
181 248 166
183 249 166
184 249 166
185 249 166
187 250 165
188 250 165
189 251 165
191 251 165
192 251 164
193 252 164
195 252 164
196 252 164
197 253 163
198 253 163
200 254 163
201 254 163
202 254 162
204 255 162
205 255 162
206 255 161
206 254 160
207 254 160
208 254 159
208 253 158
209 253 157
210 252 156
210 252 156
211 252 155
212 251 154
213 251 153
213 251 152
214 250 152
215 250 151
215 249 150
216 249 149
217 249 148
217 248 148
218 248 147
219 248 146
219 247 145
220 247 144
221 246 144
221 246 143
222 246 142
223 245 141
223 245 140
224 245 140
225 244 139
226 244 138
226 243 137
227 243 136
228 243 136
228 242 135
229 242 134
230 242 133
230 241 132
231 241 132
232 241 131
232 240 130
233 240 129
234 239 128
234 239 128
235 239 127
236 238 126
236 238 125
237 238 124
238 237 124
238 237 123
239 236 122
240 236 121
240 235 120
241 234 120
241 233 119
241 233 118
241 232 118
242 231 117
242 230 116
242 229 116
243 228 115
243 227 114
243 226 114
243 225 113
244 224 113
244 223 112
244 222 111
245 221 111
245 221 110
245 220 109
246 219 109
246 218 108
246 217 107
246 216 107
247 215 106
247 214 105
247 213 105
248 212 104
248 211 103
248 210 103
248 210 102
249 209 101
249 208 101
249 207 100
250 206 99
250 205 99
250 204 98
250 203 97
251 202 97
251 201 96
251 200 95
252 199 95
252 199 94
252 198 93
253 197 93
253 196 92
253 195 91
253 194 91
254 193 90
254 192 89
254 191 89
255 190 88
255 189 87
255 189 87
255 188 86
255 188 86
255 187 86
255 186 85
255 186 85
255 185 85
255 185 84
255 184 84
255 184 83
255 183 83
255 183 83
255 182 82
255 182 82
255 181 82
255 180 81
255 180 81
255 179 80
255 179 80
255 178 80
255 178 79
255 177 79
255 177 79
255 176 78
255 176 78
255 175 78
255 174 77
255 174 77
255 173 76
255 173 76
255 172 76
255 172 75
255 171 75
255 171 75
255 170 74
255 170 74
255 169 73
255 168 73
255 168 73
255 167 72
255 167 72
255 166 72
255 166 71
255 165 71
255 165 70
255 164 70
255 164 70
255 163 69
255 162 69
255 162 69
255 161 68
255 161 69
255 162 70
255 162 71
255 163 72
255 163 74
255 164 75
255 164 76
255 165 77
255 165 79
255 166 80
255 166 81
255 167 82
255 167 84
255 168 85
255 168 86
255 169 88
255 169 89
255 169 90
255 170 91
255 170 93
255 171 94
255 171 95
255 172 96
255 172 98
255 173 99
255 173 100
255 174 102
255 174 103
255 175 104
255 175 105
255 176 107
255 176 108
255 177 109
255 177 110
255 178 112
255 178 113
255 179 114
255 179 115
255 180 117
255 180 118
255 181 119
255 181 121
255 182 122
255 182 123
255 183 124
255 183 126
255 184 127
255 184 128
255 185 129
255 185 131
255 186 132
255 186 133
255 188 136
255 189 138
255 190 141
255 192 143
255 193 145
255 194 148
255 196 150
255 197 153
255 198 155
255 200 157
255 201 160
255 202 162
255 204 164
255 205 167
255 206 169
255 208 172
255 209 174
255 211 176
255 212 179
255 213 181
255 215 184
255 216 186
255 217 188
255 219 191
255 220 193
255 221 195
255 223 198
255 224 200
255 225 203
255 227 205
255 228 207
255 229 210
255 231 212
255 232 214
255 233 217
255 235 219
255 236 222
255 237 224
255 239 226
255 240 229
255 242 231
255 243 234
255 244 236
255 246 238
255 247 241
255 248 243
255 250 245
255 251 248
255 252 250
255 254 253
